500 500 200
1
100 100 100 300 100
10
CAR
0 138 100
1 138 101
2 138 102
3 138 103
4 138 104
5 138 105
6 138 106
7 138 107
8 138 108
9 138 109
10 138 110
11 138 111
12 138 112
13 138 113
14 138 114
15 138 115
16 138 116
17 138 117
18 138 118
19 138 119
20 138 120
21 138 121
22 138 122
23 138 123
24 138 124
25 138 125
26 138 126
27 138 127
28 138 128
29 138 129
30 138 130
31 138 131
32 138 132
33 138 133
34 138 134
35 138 135
36 138 136
37 138 137
38 138 138
39 138 139
40 138 140
41 138 141
42 138 142
43 138 143
44 138 144
45 138 145
46 138 146
47 138 147
48 138 148
49 138 149
50 138 150
51 138 151
52 138 152
53 138 153
54 138 154
55 138 155
56 138 156
57 138 157
58 138 158
59 138 159
60 138 160
61 138 161
62 138 162
63 138 163
64 138 164
65 138 165
66 138 166
67 138 167
68 138 168
69 138 169
70 138 170
71 138 171
72 138 172
73 138 173
74 138 174
75 138 175
76 138 176
77 138 177
78 138 178
79 138 179
80 138 180
81 138 181
82 138 182
83 138 183
84 138 184
85 138 185
86 138 186
87 138 187
88 138 188
89 138 189
90 138 190
91 138 191
92 138 192
93 138 193
94 138 194
95 138 195
96 138 196
97 138 197
98 138 198
99 138 199
100 138 200
101 138 201
102 138 202
103 138 203
104 138 204
105 138 205
106 138 206
107 138 207
108 138 208
109 138 209
110 138 210
111 138 211
112 138 212
113 138 213
114 138 214
115 138 215
116 138 216
117 138 217
118 138 218
119 138 219
120 138 220
121 138 221
122 138 222
123 138 223
124 138 224
125 138 225
126 138 226
127 138 227
128 138 228
129 138 229
130 138 230
131 138 231
132 138 232
133 138 233
134 138 234
135 138 235
136 138 236
137 138 237
138 138 238
139 138 239
140 138 240
141 138 241
142 138 242
143 138 243
144 138 244
145 138 245
146 138 246
147 138 247
148 138 248
149 138 249
150 138 250
151 138 251
152 138 252
153 138 253
154 138 254
155 138 255
156 138 256
157 138 257
158 138 258
159 138 259
160 138 260
161 138 261
162 138 262
163 138 263
164 138 264
165 138 265
166 138 266
167 138 267
168 138 268
169 138 269
170 138 270
171 138 271
172 138 272
173 138 273
174 138 274
175 138 275
176 138 276
177 138 277
178 138 278
179 138 279
180 138 280
181 138 281
182 138 282
183 138 283
184 138 284
185 138 285
186 138 286
187 138 287
188 138 288
189 138 289
190 138 290
191 138 291
192 138 292
193 138 293
194 138 294
195 138 295
196 138 296
197 138 297
198 138 298
199 138 299
CAR
0 -1 -1
1 -1 -1
2 -1 -1
3 73 100
4 73 101
5 73 102
6 73 103
7 73 104
8 73 105
9 73 106
10 73 107
11 73 108
12 73 109
13 73 110
14 73 111
15 73 112
16 73 113
17 73 114
18 73 115
19 73 116
20 73 117
21 73 118
22 73 119
23 73 120
24 73 121
25 73 122
26 73 123
27 73 124
28 73 125
29 73 126
30 73 127
31 73 128
32 73 129
33 73 130
34 73 131
35 73 132
36 73 133
37 73 134
38 73 135
39 73 136
40 73 137
41 73 138
42 73 139
43 73 140
44 73 141
45 73 142
46 73 143
47 73 144
48 73 145
49 73 146
50 73 147
51 73 148
52 73 149
53 73 150
54 73 151
55 73 152
56 73 153
57 73 154
58 73 155
59 73 156
60 73 157
61 73 158
62 73 159
63 73 160
64 73 161
65 73 162
66 73 163
67 73 164
68 73 165
69 73 166
70 73 167
71 73 168
72 73 169
73 73 170
74 73 171
75 73 172
76 73 173
77 73 174
78 73 175
79 73 176
80 73 177
81 73 178
82 73 179
83 73 180
84 73 181
85 73 182
86 73 183
87 73 184
88 73 185
89 73 186
90 73 187
91 73 188
92 73 189
93 73 190
94 73 191
95 73 192
96 73 193
97 73 194
98 73 195
99 73 196
100 73 197
101 73 198
102 73 199
103 73 200
104 73 201
105 73 202
106 73 203
107 73 204
108 73 205
109 73 206
110 73 207
111 73 208
112 73 209
113 73 210
114 73 211
115 73 212
116 73 213
117 73 214
118 73 215
119 73 216
120 73 217
121 73 218
122 73 219
123 73 220
124 73 221
125 73 222
126 73 223
127 73 224
128 73 225
129 73 226
130 73 227
131 73 228
132 73 229
133 73 230
134 73 231
135 73 232
136 73 233
137 73 234
138 73 235
139 73 236
140 73 237
141 73 238
142 73 239
143 73 240
144 73 241
145 73 242
146 73 243
147 73 244
148 73 245
149 73 246
150 73 247
151 73 248
152 73 249
153 73 250
154 73 251
155 73 252
156 73 253
157 73 254
158 73 255
159 73 256
160 73 257
161 73 258
162 73 259
163 73 260
164 73 261
165 73 262
166 73 263
167 73 264
168 73 265
169 73 266
170 73 267
171 73 268
172 73 269
173 73 270
174 73 271
175 73 272
176 73 273
177 73 274
178 73 275
179 73 276
180 73 277
181 73 278
182 73 279
183 73 280
184 73 281
185 73 282
186 73 283
187 73 284
188 73 285
189 73 286
190 73 287
191 73 288
192 73 289
193 73 290
194 73 291
195 73 292
196 73 293
197 73 294
198 73 295
199 73 296
CAR
0 -1 -1
1 -1 -1
2 -1 -1
3 -1 -1
4 -1 -1
5 -1 -1
6 -1 -1
7 92 100
8 92 101
9 92 102
10 92 103
11 92 104
12 92 105
13 92 106
14 92 107
15 92 108
16 92 109
17 92 110
18 92 111
19 92 112
20 92 113
21 92 114
22 92 115
23 92 116
24 92 117
25 92 118
26 92 119
27 92 120
28 92 121
29 92 122
30 92 123
31 92 124
32 92 125
33 92 126
34 92 127
35 92 128
36 92 129
37 92 130
38 92 131
39 92 132
40 92 133
41 92 134
42 92 135
43 92 136
44 92 137
45 92 138
46 92 139
47 92 140
48 92 141
49 92 142
50 92 143
51 92 144
52 92 145
53 92 146
54 92 147
55 92 148
56 92 149
57 92 150
58 92 151
59 92 152
60 92 153
61 92 154
62 92 155
63 92 156
64 92 157
65 92 158
66 92 159
67 92 160
68 92 161
69 92 162
70 92 163
71 92 164
72 92 165
73 92 166
74 92 167
75 92 168
76 92 169
77 92 170
78 92 171
79 92 172
80 92 173
81 92 174
82 92 175
83 92 176
84 92 177
85 92 178
86 92 179
87 92 180
88 92 181
89 92 182
90 92 183
91 92 184
92 92 185
93 92 186
94 92 187
95 92 188
96 92 189
97 92 190
98 92 191
99 92 192
100 92 193
101 92 194
102 92 195
103 92 196
104 92 197
105 92 198
106 92 199
107 92 200
108 92 201
109 92 202
110 92 203
111 92 204
112 92 205
113 92 206
114 92 207
115 92 208
116 92 209
117 92 210
118 92 211
119 92 212
120 92 213
121 92 214
122 92 215
123 92 216
124 92 217
125 92 218
126 92 219
127 92 220
128 92 221
129 92 222
130 92 223
131 92 224
132 92 225
133 92 226
134 92 227
135 92 228
136 92 229
137 92 230
138 92 231
139 92 232
140 92 233
141 92 234
142 92 235
143 92 236
144 92 237
145 92 238
146 92 239
147 92 240
148 92 241
149 92 242
150 92 243
151 92 244
152 92 245
153 92 246
154 92 247
155 92 248
156 92 249
157 92 250
158 92 251
159 92 252
160 92 253
161 92 254
162 92 255
163 92 256
164 92 257
165 92 258
166 92 259
167 92 260
168 92 261
169 92 262
170 92 263
171 92 264
172 92 265
173 92 266
174 92 267
175 92 268
176 92 269
177 92 270
178 92 271
179 92 272
180 92 273
181 92 274
182 92 275
183 92 276
184 92 277
185 92 278
186 92 279
187 92 280
188 92 281
189 92 282
190 92 283
191 92 284
192 92 285
193 92 286
194 92 287
195 92 288
196 92 289
197 92 290
198 92 291
199 92 292
CAR
0 -1 -1
1 -1 -1
2 -1 -1
3 -1 -1
4 -1 -1
5 -1 -1
6 -1 -1
7 -1 -1
8 62 100
9 62 101
10 62 102
11 62 103
12 62 104
13 62 105
14 62 106
15 62 107
16 62 108
17 62 109
18 62 110
19 62 111
20 62 112
21 62 113
22 62 114
23 62 115
24 62 116
25 62 117
26 62 118
27 62 119
28 62 120
29 62 121
30 62 122
31 62 123
32 62 124
33 62 125
34 62 126
35 62 127
36 62 128
37 62 129
38 62 130
39 62 131
40 62 132
41 62 133
42 62 134
43 62 135
44 62 136
45 62 137
46 62 138
47 62 139
48 62 140
49 62 141
50 62 142
51 62 143
52 62 144
53 62 145
54 62 146
55 62 147
56 62 148
57 62 149
58 62 150
59 62 151
60 62 152
61 62 153
62 62 154
63 62 155
64 62 156
65 62 157
66 62 158
67 62 159
68 62 160
69 62 161
70 62 162
71 62 163
72 62 164
73 62 165
74 62 166
75 62 167
76 62 168
77 62 169
78 62 170
79 62 171
80 62 172
81 62 173
82 62 174
83 62 175
84 62 176
85 62 177
86 62 178
87 62 179
88 62 180
89 62 181
90 62 182
91 62 183
92 62 184
93 62 185
94 62 186
95 62 187
96 62 188
97 62 189
98 62 190
99 62 191
100 62 192
101 62 193
102 62 194
103 62 195
104 62 196
105 62 197
106 62 198
107 62 199
108 62 200
109 62 201
110 62 202
111 62 203
112 62 204
113 62 205
114 62 206
115 62 207
116 62 208
117 62 209
118 62 210
119 62 211
120 62 212
121 62 213
122 62 214
123 62 215
124 62 216
125 62 217
126 62 218
127 62 219
128 62 220
129 62 221
130 62 222
131 62 223
132 62 224
133 62 225
134 62 226
135 62 227
136 62 228
137 62 229
138 62 230
139 62 231
140 62 232
141 62 233
142 62 234
143 62 235
144 62 236
145 62 237
146 62 238
147 62 239
148 62 240
149 62 241
150 62 242
151 62 243
152 62 244
153 62 245
154 62 246
155 62 247
156 62 248
157 62 249
158 62 250
159 62 251
160 62 252
161 62 253
162 62 254
163 62 255
164 62 256
165 62 257
166 62 258
167 62 259
168 62 260
169 62 261
170 62 262
171 62 263
172 62 264
173 62 265
174 62 266
175 62 267
176 62 268
177 62 269
178 62 270
179 62 271
180 62 272
181 62 273
182 62 274
183 62 275
184 62 276
185 62 277
186 62 278
187 62 279
188 62 280
189 62 281
190 62 282
191 62 283
192 62 284
193 62 285
194 62 286
195 62 287
196 62 288
197 62 289
198 62 290
199 62 291
CAR
0 -1 -1
1 -1 -1
2 -1 -1
3 -1 -1
4 -1 -1
5 -1 -1
6 87 100
7 87 101
8 87 102
9 87 103
10 87 104
11 87 105
12 87 106
13 87 107
14 87 108
15 87 109
16 87 110
17 87 111
18 87 112
19 87 113
20 87 114
21 87 115
22 87 116
23 87 117
24 87 118
25 87 119
26 87 120
27 87 121
28 87 122
29 87 123
30 87 124
31 87 125
32 87 126
33 87 127
34 87 128
35 87 129
36 87 130
37 87 131
38 87 132
39 87 133
40 87 134
41 87 135
42 87 136
43 87 137
44 87 138
45 87 139
46 87 140
47 87 141
48 87 142
49 87 143
50 87 144
51 87 145
52 87 146
53 87 147
54 87 148
55 87 149
56 87 150
57 87 151
58 87 152
59 87 153
60 87 154
61 87 155
62 87 156
63 87 157
64 87 158
65 87 159
66 87 160
67 87 161
68 87 162
69 87 163
70 87 164
71 87 165
72 87 166
73 87 167
74 87 168
75 87 169
76 87 170
77 87 171
78 87 172
79 87 173
80 87 174
81 87 175
82 87 176
83 87 177
84 87 178
85 87 179
86 87 180
87 87 181
88 87 182
89 87 183
90 87 184
91 87 185
92 87 186
93 87 187
94 87 188
95 87 189
96 87 190
97 87 191
98 87 192
99 87 193
100 87 194
101 87 195
102 87 196
103 87 197
104 87 198
105 87 199
106 87 200
107 87 201
108 87 202
109 87 203
110 87 204
111 87 205
112 87 206
113 87 207
114 87 208
115 87 209
116 87 210
117 87 211
118 87 212
119 87 213
120 87 214
121 87 215
122 87 216
123 87 217
124 87 218
125 87 219
126 87 220
127 87 221
128 87 222
129 87 223
130 87 224
131 87 225
132 87 226
133 87 227
134 87 228
135 87 229
136 87 230
137 87 231
138 87 232
139 87 233
140 87 234
141 87 235
142 87 236
143 87 237
144 87 238
145 87 239
146 87 240
147 87 241
148 87 242
149 87 243
150 87 244
151 87 245
152 87 246
153 87 247
154 87 248
155 87 249
156 87 250
157 87 251
158 87 252
159 87 253
160 87 254
161 87 255
162 87 256
163 87 257
164 87 258
165 87 259
166 87 260
167 87 261
168 87 262
169 87 263
170 87 264
171 87 265
172 87 266
173 87 267
174 87 268
175 87 269
176 87 270
177 87 271
178 87 272
179 87 273
180 87 274
181 87 275
182 87 276
183 87 277
184 87 278
185 87 279
186 87 280
187 87 281
188 87 282
189 87 283
190 87 284
191 87 285
192 87 286
193 87 287
194 87 288
195 87 289
196 87 290
197 87 291
198 87 292
199 87 293
CAR
0 -1 -1
1 -1 -1
2 -1 -1
3 84 100
4 84 101
5 84 102
6 84 103
7 84 104
8 84 105
9 84 106
10 84 107
11 84 108
12 84 109
13 84 110
14 84 111
15 84 112
16 84 113
17 84 114
18 84 115
19 84 116
20 84 117
21 84 118
22 84 119
23 84 120
24 84 121
25 84 122
26 84 123
27 84 124
28 84 125
29 84 126
30 84 127
31 84 128
32 84 129
33 84 130
34 84 131
35 84 132
36 84 133
37 84 134
38 84 135
39 84 136
40 84 137
41 84 138
42 84 139
43 84 140
44 84 141
45 84 142
46 84 143
47 84 144
48 84 145
49 84 146
50 84 147
51 84 148
52 84 149
53 84 150
54 84 151
55 84 152
56 84 153
57 84 154
58 84 155
59 84 156
60 84 157
61 84 158
62 84 159
63 84 160
64 84 161
65 84 162
66 84 163
67 84 164
68 84 165
69 84 166
70 84 167
71 84 168
72 84 169
73 84 170
74 84 171
75 84 172
76 84 173
77 84 174
78 84 175
79 84 176
80 84 177
81 84 178
82 84 179
83 84 180
84 84 181
85 84 182
86 84 183
87 84 184
88 84 185
89 84 186
90 84 187
91 84 188
92 84 189
93 84 190
94 84 191
95 84 192
96 84 193
97 84 194
98 84 195
99 84 196
100 84 197
101 84 198
102 84 199
103 84 200
104 84 201
105 84 202
106 84 203
107 84 204
108 84 205
109 84 206
110 84 207
111 84 208
112 84 209
113 84 210
114 84 211
115 84 212
116 84 213
117 84 214
118 84 215
119 84 216
120 84 217
121 84 218
122 84 219
123 84 220
124 84 221
125 84 222
126 84 223
127 84 224
128 84 225
129 84 226
130 84 227
131 84 228
132 84 229
133 84 230
134 84 231
135 84 232
136 84 233
137 84 234
138 84 235
139 84 236
140 84 237
141 84 238
142 84 239
143 84 240
144 84 241
145 84 242
146 84 243
147 84 244
148 84 245
149 84 246
150 84 247
151 84 248
152 84 249
153 84 250
154 84 251
155 84 252
156 84 253
157 84 254
158 84 255
159 84 256
160 84 257
161 84 258
162 84 259
163 84 260
164 84 261
165 84 262
166 84 263
167 84 264
168 84 265
169 84 266
170 84 267
171 84 268
172 84 269
173 84 270
174 84 271
175 84 272
176 84 273
177 84 274
178 84 275
179 84 276
180 84 277
181 84 278
182 84 279
183 84 280
184 84 281
185 84 282
186 84 283
187 84 284
188 84 285
189 84 286
190 84 287
191 84 288
192 84 289
193 84 290
194 84 291
195 84 292
196 84 293
197 84 294
198 84 295
199 84 296
CAR
0 -1 -1
1 -1 -1
2 -1 -1
3 -1 -1
4 -1 -1
5 142 100
6 142 101
7 142 102
8 142 103
9 142 104
10 142 105
11 142 106
12 142 107
13 142 108
14 142 109
15 142 110
16 142 111
17 142 112
18 142 113
19 142 114
20 142 115
21 142 116
22 142 117
23 142 118
24 142 119
25 142 120
26 142 121
27 142 122
28 142 123
29 142 124
30 142 125
31 142 126
32 142 127
33 142 128
34 142 129
35 142 130
36 142 131
37 142 132
38 142 133
39 142 134
40 142 135
41 142 136
42 142 137
43 142 138
44 142 139
45 142 140
46 142 141
47 142 142
48 142 143
49 142 144
50 142 145
51 142 146
52 142 147
53 142 148
54 142 149
55 142 150
56 142 151
57 142 152
58 142 153
59 142 154
60 142 155
61 142 156
62 142 157
63 142 158
64 142 159
65 142 160
66 142 161
67 142 162
68 142 163
69 142 164
70 142 165
71 142 166
72 142 167
73 142 168
74 142 169
75 142 170
76 142 171
77 142 172
78 142 173
79 142 174
80 142 175
81 142 176
82 142 177
83 142 178
84 142 179
85 142 180
86 142 181
87 142 182
88 142 183
89 142 184
90 142 185
91 142 186
92 142 187
93 142 188
94 142 189
95 142 190
96 142 191
97 142 192
98 142 193
99 142 194
100 142 195
101 142 196
102 142 197
103 142 198
104 142 199
105 142 200
106 142 201
107 142 202
108 142 203
109 142 204
110 142 205
111 142 206
112 142 207
113 142 208
114 142 209
115 142 210
116 142 211
117 142 212
118 142 213
119 142 214
120 142 215
121 142 216
122 142 217
123 142 218
124 142 219
125 142 220
126 142 221
127 142 222
128 142 223
129 142 224
130 142 225
131 142 226
132 142 227
133 142 228
134 142 229
135 142 230
136 142 231
137 142 232
138 142 233
139 142 234
140 142 235
141 142 236
142 142 237
143 142 238
144 142 239
145 142 240
146 142 241
147 142 242
148 142 243
149 142 244
150 142 245
151 142 246
152 142 247
153 142 248
154 142 249
155 142 250
156 142 251
157 142 252
158 142 253
159 142 254
160 142 255
161 142 256
162 142 257
163 142 258
164 142 259
165 142 260
166 142 261
167 142 262
168 142 263
169 142 264
170 142 265
171 142 266
172 142 267
173 142 268
174 142 269
175 142 270
176 142 271
177 142 272
178 142 273
179 142 274
180 142 275
181 142 276
182 142 277
183 142 278
184 142 279
185 142 280
186 142 281
187 142 282
188 142 283
189 142 284
190 142 285
191 142 286
192 142 287
193 142 288
194 142 289
195 142 290
196 142 291
197 142 292
198 142 293
199 142 294
CAR
0 90 100
1 90 101
2 90 102
3 90 103
4 90 104
5 90 105
6 90 106
7 90 107
8 90 108
9 90 109
10 90 110
11 90 111
12 90 112
13 90 113
14 90 114
15 90 115
16 90 116
17 90 117
18 90 118
19 90 119
20 90 120
21 90 121
22 90 122
23 90 123
24 90 124
25 90 125
26 90 126
27 90 127
28 90 128
29 90 129
30 90 130
31 90 131
32 90 132
33 90 133
34 90 134
35 90 135
36 90 136
37 90 137
38 90 138
39 90 139
40 90 140
41 90 141
42 90 142
43 90 143
44 90 144
45 90 145
46 90 146
47 90 147
48 90 148
49 90 149
50 90 150
51 90 151
52 90 152
53 90 153
54 90 154
55 90 155
56 90 156
57 90 157
58 90 158
59 90 159
60 90 160
61 90 161
62 90 162
63 90 163
64 90 164
65 90 165
66 90 166
67 90 167
68 90 168
69 90 169
70 90 170
71 90 171
72 90 172
73 90 173
74 90 174
75 90 175
76 90 176
77 90 177
78 90 178
79 90 179
80 90 180
81 90 181
82 90 182
83 90 183
84 90 184
85 90 185
86 90 186
87 90 187
88 90 188
89 90 189
90 90 190
91 90 191
92 90 192
93 90 193
94 90 194
95 90 195
96 90 196
97 90 197
98 90 198
99 90 199
100 90 200
101 90 201
102 90 202
103 90 203
104 90 204
105 90 205
106 90 206
107 90 207
108 90 208
109 90 209
110 90 210
111 90 211
112 90 212
113 90 213
114 90 214
115 90 215
116 90 216
117 90 217
118 90 218
119 90 219
120 90 220
121 90 221
122 90 222
123 90 223
124 90 224
125 90 225
126 90 226
127 90 227
128 90 228
129 90 229
130 90 230
131 90 231
132 90 232
133 90 233
134 90 234
135 90 235
136 90 236
137 90 237
138 90 238
139 90 239
140 90 240
141 90 241
142 90 242
143 90 243
144 90 244
145 90 245
146 90 246
147 90 247
148 90 248
149 90 249
150 90 250
151 90 251
152 90 252
153 90 253
154 90 254
155 90 255
156 90 256
157 90 257
158 90 258
159 90 259
160 90 260
161 90 261
162 90 262
163 90 263
164 90 264
165 90 265
166 90 266
167 90 267
168 90 268
169 90 269
170 90 270
171 90 271
172 90 272
173 90 273
174 90 274
175 90 275
176 90 276
177 90 277
178 90 278
179 90 279
180 90 280
181 90 281
182 90 282
183 90 283
184 90 284
185 90 285
186 90 286
187 90 287
188 90 288
189 90 289
190 90 290
191 90 291
192 90 292
193 90 293
194 90 294
195 90 295
196 90 296
197 90 297
198 90 298
199 90 299
CAR
0 130 100
1 130 101
2 130 102
3 130 103
4 130 104
5 130 105
6 130 106
7 130 107
8 130 108
9 130 109
10 130 110
11 130 111
12 130 112
13 130 113
14 130 114
15 130 115
16 130 116
17 130 117
18 130 118
19 130 119
20 130 120
21 130 121
22 130 122
23 130 123
24 130 124
25 130 125
26 130 126
27 130 127
28 130 128
29 130 129
30 130 130
31 130 131
32 130 132
33 130 133
34 130 134
35 130 135
36 130 136
37 130 137
38 130 138
39 130 139
40 130 140
41 130 141
42 130 142
43 130 143
44 130 144
45 130 145
46 130 146
47 130 147
48 130 148
49 130 149
50 130 150
51 130 151
52 130 152
53 130 153
54 130 154
55 130 155
56 130 156
57 130 157
58 130 158
59 130 159
60 130 160
61 130 161
62 130 162
63 130 163
64 130 164
65 130 165
66 130 166
67 130 167
68 130 168
69 130 169
70 130 170
71 130 171
72 130 172
73 130 173
74 130 174
75 130 175
76 130 176
77 130 177
78 130 178
79 130 179
80 130 180
81 130 181
82 130 182
83 130 183
84 130 184
85 130 185
86 130 186
87 130 187
88 130 188
89 130 189
90 130 190
91 130 191
92 130 192
93 130 193
94 130 194
95 130 195
96 130 196
97 130 197
98 130 198
99 130 199
100 130 200
101 130 201
102 130 202
103 130 203
104 130 204
105 130 205
106 130 206
107 130 207
108 130 208
109 130 209
110 130 210
111 130 211
112 130 212
113 130 213
114 130 214
115 130 215
116 130 216
117 130 217
118 130 218
119 130 219
120 130 220
121 130 221
122 130 222
123 130 223
124 130 224
125 130 225
126 130 226
127 130 227
128 130 228
129 130 229
130 130 230
131 130 231
132 130 232
133 130 233
134 130 234
135 130 235
136 130 236
137 130 237
138 130 238
139 130 239
140 130 240
141 130 241
142 130 242
143 130 243
144 130 244
145 130 245
146 130 246
147 130 247
148 130 248
149 130 249
150 130 250
151 130 251
152 130 252
153 130 253
154 130 254
155 130 255
156 130 256
157 130 257
158 130 258
159 130 259
160 130 260
161 130 261
162 130 262
163 130 263
164 130 264
165 130 265
166 130 266
167 130 267
168 130 268
169 130 269
170 130 270
171 130 271
172 130 272
173 130 273
174 130 274
175 130 275
176 130 276
177 130 277
178 130 278
179 130 279
180 130 280
181 130 281
182 130 282
183 130 283
184 130 284
185 130 285
186 130 286
187 130 287
188 130 288
189 130 289
190 130 290
191 130 291
192 130 292
193 130 293
194 130 294
195 130 295
196 130 296
197 130 297
198 130 298
199 130 299
CAR
0 -1 -1
1 -1 -1
2 -1 -1
3 -1 -1
4 -1 -1
5 -1 -1
6 136 100
7 136 101
8 136 102
9 136 103
10 136 104
11 136 105
12 136 106
13 136 107
14 136 108
15 136 109
16 136 110
17 136 111
18 136 112
19 136 113
20 136 114
21 136 115
22 136 116
23 136 117
24 136 118
25 136 119
26 136 120
27 136 121
28 136 122
29 136 123
30 136 124
31 136 125
32 136 126
33 136 127
34 136 128
35 136 129
36 136 130
37 136 131
38 136 132
39 136 133
40 136 134
41 136 135
42 136 136
43 136 137
44 136 138
45 136 139
46 136 140
47 136 141
48 136 142
49 136 143
50 136 144
51 136 145
52 136 146
53 136 147
54 136 148
55 136 149
56 136 150
57 136 151
58 136 152
59 136 153
60 136 154
61 136 155
62 136 156
63 136 157
64 136 158
65 136 159
66 136 160
67 136 161
68 136 162
69 136 163
70 136 164
71 136 165
72 136 166
73 136 167
74 136 168
75 136 169
76 136 170
77 136 171
78 136 172
79 136 173
80 136 174
81 136 175
82 136 176
83 136 177
84 136 178
85 136 179
86 136 180
87 136 181
88 136 182
89 136 183
90 136 184
91 136 185
92 136 186
93 136 187
94 136 188
95 136 189
96 136 190
97 136 191
98 136 192
99 136 193
100 136 194
101 136 195
102 136 196
103 136 197
104 136 198
105 136 199
106 136 200
107 136 201
108 136 202
109 136 203
110 136 204
111 136 205
112 136 206
113 136 207
114 136 208
115 136 209
116 136 210
117 136 211
118 136 212
119 136 213
120 136 214
121 136 215
122 136 216
123 136 217
124 136 218
125 136 219
126 136 220
127 136 221
128 136 222
129 136 223
130 136 224
131 136 225
132 136 226
133 136 227
134 136 228
135 136 229
136 136 230
137 136 231
138 136 232
139 136 233
140 136 234
141 136 235
142 136 236
143 136 237
144 136 238
145 136 239
146 136 240
147 136 241
148 136 242
149 136 243
150 136 244
151 136 245
152 136 246
153 136 247
154 136 248
155 136 249
156 136 250
157 136 251
158 136 252
159 136 253
160 136 254
161 136 255
162 136 256
163 136 257
164 136 258
165 136 259
166 136 260
167 136 261
168 136 262
169 136 263
170 136 264
171 136 265
172 136 266
173 136 267
174 136 268
175 136 269
176 136 270
177 136 271
178 136 272
179 136 273
180 136 274
181 136 275
182 136 276
183 136 277
184 136 278
185 136 279
186 136 280
187 136 281
188 136 282
189 136 283
190 136 284
191 136 285
192 136 286
193 136 287
194 136 288
195 136 289
196 136 290
197 136 291
198 136 292
199 136 293
